R: 1 1 1 1
I: 0
2200301 1
O: 0
3300078 1
R: 1 1 1 1
I: 0
2200301 0
O: 0
3300078 0
R: 1 1 1 1
I: 0
2200401 1
O: 0
3300178 1
R: 1 1 1 1
I: 0
2200401 0
O: 0
3300178 0
R: 1 1 2 2
I: 0
1100201 1
I: 0
1100738 1
O: 0
1100078 102
O: 0
1100644 0
R: 1 1 2 2
I: 0
1100201 1
I: 0
1100738 0
O: 0
1100078 1
O: 0
1100644 90
R: 1 1 1 1
I: 1
2200203 10
O: 0
2200142 0
R: 1 1 2 1
I: 4
2200203 10
I: 1
2200203 40
O: 0
2200142 30
R: 1 1 2 1
I: 4
2200203 40
I: 1
2200203 70
O: 0
2200142 100
R: 1 1 2 1
I: 4
2200203 70
I: 1
2200203 90
O: 0
2200142 103
R: 1 1 1 1
I: 4
2200203 90
O: 0
2200142 108
R: 1 1 1 1
I: 0
3300502 1
O: 0
3300343 -32768
R: 1 1 1 1
I: 0
3300502 2
O: 0
2200043 -32768
R: 1 1 1 1
I: 0
3300402 1
O: 0
2200578 2
R: 1 1 1 1
I: 0
3300402 2
O: 0
2200678 2
R: 1 1 1 1
I: 1
3300603 10
O: 0
3300242 0
R: 1 1 2 1
I: 4
3300603 10
I: 1
3300603 40
O: 0
3300242 30
R: 1 1 2 1
I: 4
3300603 40
I: 1
3300603 70
O: 0
3300242 100
R: 1 1 1 1
I: 4
3300603 70
O: 0
3300242 103
R: 1 1 1 1
I: 5
4400201 0
O: 0
4400078 2
R: 1 1 1 2
I: 4
3300732 1000
O: 0
4400178 105
O: 0
1100379 105
R: 1 1 1 2
I: 1
3300732 1000
O: 0
4400178 0
O: 0
1100379 0

